000000101234202906303790001000110390000020000000000001127471380000000000000000000000202902032034020320290526202906162029061600010000000000,000000000000,000000110499,890000000000,000123491201600106202900105
000000201234202906303790001000110390000010000000000001128609490000000000000000000000202902102034021020290429202906242029062400010000000000,000000000000,000000035000,000000000000,000123491201600123202900122
000000301234202906303790001000110390000010000000000001129560420000000000000000000000202902162034021620290403202904142029041400010000000000,000000000000,000000000000,130000000000,000123491201600024202900023
000000401234202906303790001000110390000010000000000001129852460000000000000000000000202902172034021720290612202906242029062400010000000000,000000000000,000000038999,970000000000,000123491201600120202900119
000000501234202906303790001000110390000020000000000001130880460000000000000000000000202902232034022320290519202906082029060800010000000000,000000000000,000000035000,000000000000,000123491201600094202900093
000000601234202906303790001000110390000010000000000001130862800000000000000000000000202902232034022320290609202906172029061700010000000000,000000000000,000000035000,000000000000,000123491201600107202900106
000000701234202906303790001000110390000010000000000001131316330000000000000000000000202902252034022520290315202903232029032300010000000000,000000000000,000000000000,040000000000,000123491201600010202900009
000000801234202906303790001000110390000010000000000001133290610000000000000000000000202903092034030920290525202906162029061600010000000000,000000000000,000000035000,000000000000,000123491201600104202900103
000000901234202906303790001000110390000010000000000001133276610000000000000000000000202903092034030920290619202906242029062400010000000000,000000000000,000000035000,000000000000,000123491201600121202900120
000001001234202906303790001000110390000010000000000001133792630000000000000000000000202903112034031120290408202906072029060700010000000000,000000000000,000000039999,960000000000,000123491201600091202900090
000001101234202906303790001000110390000020000000000001136419810000000000000000000000202903222034032220290426202906042029060400010000000000,000000000000,000000035000,000000000000,000123491201600089202900088
000001201234202906303790001000110390000010000000000001140074570000000000000000000000202904152034041520290525202906012029060100010000000000,000000000000,000000120000,000000000000,000123491201600087202900086
000001301234202906303790001000110390000010000000000001140380380000000000000000000000202904192034041920290605202906082029060800010000000000,000000000000,000000035000,000000000000,000123491201600096202900095
000001401234202906303790001000110390000010000000000001142855460000000000000000000000202905052034050520290617202906212029062100010000000000,000000000000,000000049999,950000000000,000123491201600115202900114
000001501234202906303790001000110390000020000000000001144447590000000000000000000000202905142034051420290601202906042029060400010000000000,000000000000,000000084999,960000000000,000123491201600088202900087
000001601234202906303790001000110390000010000000000001145547870000000000000000000000202905202034052020290520202906212029062100010000000000,000000000000,000000592544,740000000000,000123491201600114202900113
000001701234202906303790001000110390000010000000000001145521260000000000000000000000202905202034052020290606202906172029061700010000000000,000000000000,000000049999,950000000000,000123491201600108202900107
000001801234202906303790001000110390000020000000000001145537530000000000000000000000202905202034052020290609202906162029061600010000000000,000000000000,000000035000,000000000000,000123491201600105202900104
000001901234202906303790001000110390000010000000000001147793650000000000000000000000202906012034060120290620202906282029062800010000000000,000000000000,000000035000,000000000000,000123491201600125202900124
000002001234202906303790001000110390000020000000000001148275360000000000000000000000202906042034060420290606202906182029061800010000000000,000000000000,000000139049,880000000000,000123491201600111202900110
000002101234202906303790002000110390000010000000000001128155530000000000000000000000202902052034020520290215202903082029030800000000000000,000000000000,000000000000,520000000000,000123491201600007202900006
000002201234202906303790002000110390000010000000000001129857590000000000000000000000202902172034021720290219202903122029031200000000000000,000000000000,000000000000,180000000000,000123491201600008202900007
000002301234202906303790003000110390000010000000000001128155530000000000000000000000202902052034020520290215202903082029030800000000000000,000000000000,000001000000,000000000000,000123491201600007202900006
000002401234202906303790003000110390000010000000000001129560420000000000000000000000202902162034021620290403202904142029041400000000000000,000000000000,000000130000,000000000000,000123491201600024202900023
000002501234202906303790003000110390000010000000000001129857590000000000000000000000202902172034021720290219202903122029031200000000000000,000000000000,000000090000,000000000000,000123491201600008202900007
000002601234202906303790003000110390000010000000000001129857590000000000000000000000202902172034021720290219202903122029031200000000000000,000000000000,000000090000,000000000000,000123491201600008202900007
000002701234202906303790003000110390000010000000000001131316330000000000000000000000202902252034022520290315202903232029032300000000000000,000000000000,000000020000,000000000000,000123491201600010202900009
000002801234202906303790003000110390000010000000000001131316330000000000000000000000202902252034022520290315202903232029032300000000000000,000000000000,000000020000,000000000000,000123491201600010202900009
000002901234202906303790003000110390000010000000000001133536750000000000000000000000202903102034031020290403202904082029040800000000000000,000000000000,000000035000,000000000000,000123491201600019202900018
000003001234202906303790003000110390000010000000000001135073680000000000000000000000202903182034031820290411202904152029041500000000000000,000000000000,000000055000,000000000000,000123491201600027202900026
000003101234202906303790005000110390000010000000000001128609490000000000000000000000202902102034021020290429202906242029062400010000000000,000000000000,000000035000,000000000000,000123491201600123202900122
000003201234202906303790005000110390000010000000000001134873670000000000000000000000202903172034031720290501202905142029051400010000000000,000000000000,000000229999,910000000000,000123491201600063202900062
000003301234202906303790005000110390000010000000000001136611620000000000000000000000202903232034032320290327202904012029040100010000000000,000000000000,000000149999,860000000000,000123491201600015202900014
000003401234202906303790006000110390000010000000000001135073680000000000000000000000202903182034031820290411202904152029041500010000000000,000000000000,000000002566,700000000000,000123491201600027202900026