0000001012342029063038010530000020000000000001120327010000000000000000000000202812232033122320290215202903150000035499,990123400000000091202900008
0000002012342029063038010530000020000000000001127471380000000000000000000000202902032034020320290526202906160000110499,890123400000000091202900105
0000003012342029063038010530000010000000000001128602880000000000000000000000202902102034021020290308202903290000035000,000123400000000091202900012
0000004012342029063038010530000010000000000001128601500000000000000000000000202902102034021020290427202905130000249999,960123400000000091202900060
0000005012342029063038010530000010000000000001128843830000000000000000000000202902112034021120290227202903030000239999,800123400000000091202900002
0000006012342029063038010530000020000000000001129430240000000000000000000000202902152034021520290319202904210000038999,970123400000000091202900030
0000007012342029063038010530000020000000000001129427320000000000000000000000202902152034021520290401202905100000092649,930123400000000091202900050
0000008012342029063038010530000020000000000001129570680000000000000000000000202902162034021620290505202905270000035000,000123400000000091202900084
0000009012342029063038010530000010000000000001129852460000000000000000000000202902172034021720290612202906240000038999,970123400000000091202900119
0000010012342029063038010530000010000000000001130457560000000000000000000000202902192034021920290422202905110000500000,000123400000000091202900056
0000011012342029063038010530000010000000000001130722620000000000000000000000202902222034022220290320202904010000035000,000123400000000091202900016
0000012012342029063038010530000020000000000001130733870000000000000000000000202902222034022220290326202904010000035000,000123400000000091202900015
0000013012342029063038010530000020000000000001130880460000000000000000000000202902232034022320290519202906080000035000,000123400000000091202900093
0000014012342029063038010530000010000000000001130862800000000000000000000000202902232034022320290609202906170000035000,000123400000000091202900106
0000015012342029063038010530000010000000000001131099890000000000000000000000202902242034022420290328202904010000075000,000123400000000091202900017
0000016012342029063038010530000010000000000001131082790000000000000000000000202902242034022420290507202905110000045000,000123400000000091202900058
0000017012342029063038010530000020000000000001131091180000000000000000000000202902242034022420290517202905200000389999,700123400000000091202900076
0000018012342029063038010530000010000000000001131646830000000000000000000000202902262034022620290422202905200000139999,970123400000000091202900077
0000019012342029063038010530000010000000000001132253310000000000000000000000202903032034030320290415202904220000359999,870123400000000091202900032
0000020012342029063038010530000020000000000001132519490000000000000000000000202903042034030420290430202905040000049999,950123400000000091202900042
0000021012342029063038010530000010000000000001133107000000000000000000000000202903082034030820290406202904190000037150,000123400000000091202900027
0000022012342029063038010530000010000000000001133272840000000000000000000000202903092034030920290429202905210000039999,960123400000000091202900079
0000023012342029063038010530000010000000000001133290610000000000000000000000202903092034030920290525202906160000035000,000123400000000091202900103
0000024012342029063038010530000010000000000001133276610000000000000000000000202903092034030920290619202906240000035000,000123400000000091202900120
0000025012342029063038010530000010000000000001133792630000000000000000000000202903112034031120290408202906070000039999,960123400000000091202900090
0000026012342029063038010530000010000000000001135087860000000000000000000000202903182034031820290401202905070000100999,980123400000000091202900049
0000027012342029063038010530000010000000000001135654150000000000000000000000202903192034031920290429202905140000037499,960123400000000091202900065
0000028012342029063038010530000010000000000001136435810000000000000000000000202903222034032220290329202904080000139999,970123400000000091202900019
0000029012342029063038010530000020000000000001136419810000000000000000000000202903222034032220290426202906040000035000,000123400000000091202900088
0000030012342029063038010530000010000000000001136206940000000000000000000000202903252034032520290416202904200000092999,940123400000000091202900028
0000031012342029063038010530000010000000000001137290130000000000000000000000202903302034033020290427202905040000059000,000123400000000091202900044
0000032012342029063038010530000010000000000001139674920000000000000000000000202904142034041420290418202904230000079999,960123400000000091202900034
0000033012342029063038010530000010000000000001140074570000000000000000000000202904152034041520290525202906010000120000,000123400000000091202900086
0000034012342029063038010530000010000000000001140595380000000000000000000000202904162034041620290506202905240000163999,970123400000000091202900080
0000035012342029063038010530000010000000000001140380380000000000000000000000202904192034041920290605202906080000035000,000123400000000091202900095
0000036012342029063038010530000010000000000001141738710000000000000000000000202904272034042720290523202905270000035000,000123400000000091202900082
0000037012342029063038010530000010000000000001142554250000000000000000000000202905032034050320290517202905200000034825,000123400000000091202900074
0000038012342029063038010530000010000000000001142855460000000000000000000000202905052034050520290617202906210000049999,950123400000000091202900114
0000039012342029063038010530000020000000000001144447590000000000000000000000202905142034051420290601202906040000084999,960123400000000091202900087
0000040012342029063038010530000010000000000001145547870000000000000000000000202905202034052020290520202906210000592544,740123400000000091202900113
0000041012342029063038010530000010000000000001145521260000000000000000000000202905202034052020290606202906170000049999,950123400000000091202900107
0000042012342029063038010530000020000000000001145537530000000000000000000000202905202034052020290609202906160000035000,000123400000000091202900104
0000043012342029063038010530000010000000000001147793650000000000000000000000202906012034060120290620202906280000035000,000123400000000091202900124
0000044012342029063038010530000020000000000001148275360000000000000000000000202906042034060420290606202906180000139049,880123400000000091202900110